_KM.M____   SL_D1   SP_D1 TOP_PRL TOP_PRR
020.422      0.00    0.00    0.00    0.00
020.42225    0.00    0.00    1.85    1.16
020.42250    0.00    0.00    1.85    1.16
020.42275    0.00    0.00    1.85    1.16
020.423      0.00    0.00    1.63    1.24
020.42325    0.00    0.00    1.72    1.48
020.42350    0.00    0.00    1.98    1.61
020.42375    0.00    0.00    2.07    1.66
020.424      0.00    0.00    2.06    1.64
020.42425    0.00    0.00    2.03    1.60
020.42450    0.00    0.00    2.03    1.51
020.42475    0.00    0.00    1.88    1.56
020.425      0.00    0.00    1.42    1.61
020.42525    0.00    0.00    1.26    1.58
020.42550    0.00    0.00    1.17    1.60
020.42575    0.00    0.00    1.17    1.74
020.426      0.00    0.00    1.21    1.78
020.42625    0.00    0.00    1.13    1.82
020.42650    0.00    0.00    1.05    1.83
020.42675    0.00    0.00    1.07    1.75
020.427      0.00    0.00    1.21    1.75
020.42725    0.00    0.00    1.42    1.68
020.42750    0.00    0.00    1.30    1.51
020.42775    0.00    0.00    1.03    1.33
020.428      0.00    0.00    0.72    1.06
020.42825    0.00    0.00    0.57    0.86
020.42850    0.00    0.00    0.53    0.84
020.42875    0.00    0.00    0.54    0.95
020.429      0.00    0.00    0.86    1.17
020.42925    0.00    0.00    1.06    1.39
020.42950    0.00    0.00    1.12    1.57
020.42975    0.00    0.00    1.06    1.61
020.430      0.00    0.00    0.93    1.71
020.43025    0.00    0.00    0.89    1.76
020.43050    0.00    0.00    0.86    1.79
020.43075    0.00    0.00    0.89    1.92
020.431      0.00    0.00    0.86    1.97
020.43125    0.00    0.00    0.86    2.11
020.43150    0.00    0.00    1.07    2.36
020.43175    0.00    0.00    1.35    2.61
020.432      0.00    0.00    1.93    3.00
020.43225    0.00    0.00    2.19    3.42
020.43250    0.00    0.00    2.41    3.77
020.43275    0.00    0.00    2.64    3.81
020.433      0.00    0.00    2.49    3.57
020.43325    0.00    0.00    2.36    3.23
020.43350    0.00    0.00    2.35    2.91
020.43375    0.00    0.00    2.39    2.66
020.434      0.00    0.00    2.46    2.39
020.43425    0.00    0.00    2.51    2.21
020.43450    0.00    0.00    2.48    2.02
020.43475    0.00    0.00    2.43    1.82
020.435      0.00    0.00    2.36    1.64
020.43525    0.00    0.00    2.27    1.48
020.43550    0.00    0.00    2.17    1.26
020.43575    0.00    0.00    2.09    1.04
020.436      0.00    0.00    1.99    0.77
020.43625    0.00    0.00    1.97    0.55
020.43650    0.00    0.00    1.91    0.32
020.43675    0.00    0.00    1.96    0.19
020.437      0.00    0.00    1.98    0.12
020.43725    0.00    0.00    2.03    0.12
020.43750    0.00    0.00    2.05    0.11
020.43775    0.00    0.00    2.05    0.09
020.438      0.00    0.00    2.04    0.11
020.43825    0.00    0.00    1.95    0.06
020.43850    0.00    0.00    1.75    0.00
020.43875    0.00    0.00    1.36   -0.16
020.439      0.00    0.00    0.91   -0.32
020.43925    0.00    0.00    0.42   -0.51
020.43950    0.00    0.00    0.00   -0.76
020.43975    0.00    0.00   -0.10   -0.91
020.440      0.00    0.00   -0.51   -0.95
020.44025    0.00    0.00   -0.45   -0.68
020.44050    0.00    0.00   -0.37   -0.39
020.44075    0.00    0.00   -0.37   -0.22
020.441      0.00    0.00   -0.34   -0.07
020.44125    0.00    0.00   -0.43   -0.01
020.44150    0.00    0.00   -0.57    0.01
020.44175    0.00    0.00   -0.81    0.00
020.442      0.00    0.00   -1.02   -0.05
020.44225    0.00    0.00   -1.01   -0.03
020.44250    0.00    0.00   -0.91    0.04
020.44275    0.00    0.00   -0.75    0.20
020.443      0.00    0.00   -0.62    0.30
020.44325    0.00    0.00   -0.29    0.44
020.44350    0.00    0.00   -0.01    0.71
020.44375    0.00    0.00   -0.19    0.91
020.444      0.00    0.00    0.02    1.06
020.44425    0.00    0.00    0.15    0.89
020.44450    0.00    0.00    0.21    0.56
020.44475    0.00    0.00    0.12    0.31
020.445      0.00    0.00   -0.03    0.22
020.44525    0.00    0.00   -0.07    0.22
020.44550    0.00    0.00    0.00    0.26
020.44575    0.00    0.00    0.07    0.33
020.446      0.00    0.00    0.18    0.42
020.44625    0.00    0.00    0.29    0.44
020.44650    0.00    0.00    0.36    0.46
020.44675    0.00    0.00    0.46    0.45
020.447      0.00    0.00    0.61    0.32
020.44725    0.00    0.00    0.59    0.14
020.44750    0.00    0.00    0.99   -0.08
020.44775    0.00    0.00    1.95    0.08
020.448      0.00    0.00    3.25    0.29
020.44825    0.00    0.00    3.17    0.59
020.44850    0.00    0.00    2.77    0.64
020.44875    0.00    0.00    1.96    0.31
020.449      0.00    0.00    2.11    0.05
020.44925    0.00    0.00    2.05   -0.17
020.44950    0.00    0.00    1.89   -0.36
020.44975    0.00    0.00    1.72   -0.59
020.450      0.00    0.00    1.57   -0.83
020.45025    0.00    0.00    1.49   -0.98
020.45050    0.00    0.00    1.49   -1.15
020.45075    0.00    0.00    1.58   -1.35
020.451      0.00    0.00    1.71   -1.36
020.45125    0.00    0.00    2.01   -1.07
020.45150    0.00    0.00    2.38   -0.63
020.45175    0.00    0.00    2.35   -0.68
020.452      0.00    0.00    2.27   -0.70
020.45225    0.00    0.00    1.87   -0.85
020.45250    0.00    0.00    1.45   -0.99
020.45275    0.00    0.00    1.17   -0.96
020.453      0.00    0.00    0.84   -0.80
020.45325    0.00    0.00    0.55   -0.69
020.45350    0.00    0.00    0.42   -0.60
020.45375    0.00    0.00    0.28   -0.47
020.454      0.00    0.00    0.14   -0.29
020.45425    0.00    0.00    0.19   -0.01
020.45450    0.00    0.00    0.20    0.37
020.45475    0.00    0.00    0.27    0.92
020.455      0.00    0.00    0.26    1.37
020.45525    0.00    0.00    0.18    1.63
020.45550    0.00    0.00    0.10    1.82
020.45575    0.00    0.00    0.09    2.07
020.456      0.00    0.00   -0.05    2.16
020.45625    0.00    0.00   -0.07    2.23
020.45650    0.00    0.00    0.08    2.46
020.45675    0.00    0.00    0.31    2.73
020.457      0.00    0.00    0.59    2.90
020.45725    0.00    0.00    0.87    3.05
020.45750    0.00    0.00    0.99    3.23
020.45775    0.00    0.00    1.13    3.30
020.458      0.00    0.00    1.15    3.43
020.45825    0.00    0.00    1.05    3.51
020.45850    0.00    0.00    0.93    3.36
020.45875    0.00    0.00    0.78    3.01
020.459      0.00    0.00    0.84    2.78
020.45925    0.00    0.00    1.12    2.82
020.45950    0.00    0.00    1.50    2.85
020.45975    0.00    0.00    1.87    2.87
020.460      0.00    0.00    2.48    3.03
020.46025    0.00    0.00    2.90    3.12
020.46050    0.00    0.00    3.18    3.02
020.46075    0.00    0.00    3.47    2.87
020.461      0.00    0.00    3.75    2.69
020.46125    0.00    0.00    4.07    2.42
020.46150    0.00    0.00    4.32    2.21
020.46175    0.00    0.00    4.45    2.08
020.462      0.00    0.00    4.64    1.90
020.46225    0.00    0.00    4.75    1.68
020.46250    0.00    0.00    4.67    1.55
020.46275    0.00    0.00    4.57    1.44
020.463      0.00    0.00    4.29    1.30
020.46325    0.00    0.00    4.31    0.93
020.46350    0.00    0.00    4.16    0.37
020.46375    0.00    0.00    3.93   -0.11
020.464      0.00    0.00    3.48   -0.31
020.46425    0.00    0.00    3.41   -0.02
020.46450    0.00    0.00    3.27    0.28
020.46475    0.00    0.00    2.94    0.46
020.465      0.00    0.00    2.20    0.42
020.46525    0.00    0.00    1.30    0.19
020.46550    0.00    0.00    0.44   -0.23
020.46575    0.00    0.00   -0.35   -0.65
020.466      0.00    0.00   -1.12   -1.08
020.46625    0.00    0.00   -1.81   -1.45
020.46650    0.00    0.00   -2.37   -1.69
020.46675    0.00    0.00   -2.82   -1.67
020.467      0.00    0.00   -3.07   -1.63
020.46725    0.00    0.00   -3.02   -1.19
020.46750    0.00    0.00   -2.76   -0.80
020.46775    0.00    0.00   -2.33   -0.47
020.468      0.00    0.00   -1.76   -0.36
020.46825    0.00    0.00   -1.84   -0.64
020.46850    0.00    0.00   -1.89   -0.87
020.46875    0.00    0.00   -1.88   -0.99
020.469      0.00    0.00   -1.84   -1.02
020.46925    0.00    0.00   -1.78   -0.85
020.46950    0.00    0.00   -1.77   -1.09
020.46975    0.00    0.00   -1.79   -1.41
020.470      0.00    0.00   -1.94   -1.78
020.47025    0.00    0.00   -2.19   -2.11
020.47050    0.00    0.00   -2.49   -2.54
020.47075    0.00    0.00   -2.96   -3.04
020.471      0.00    0.00   -3.46   -3.27
020.47125    0.00    0.00   -3.63   -3.14
020.47150    0.00    0.00   -3.64   -2.24
020.47175    0.00    0.00   -3.66   -0.77
020.472      0.00    0.00   -3.75   -0.45
020.47225    0.00    0.00   -3.90   -0.98
020.47250    0.00    0.00   -4.01   -1.51
020.47275    0.00    0.00   -4.03   -1.94
020.473      0.00    0.00   -4.02   -2.10
020.47325    0.00    0.00   -3.90   -2.48
020.47350    0.00    0.00   -3.69   -2.34
020.47375    0.00    0.00   -3.37   -1.96
020.474      0.00    0.00   -2.93   -1.58
020.47425    0.00    0.00   -2.48   -1.06
020.47450    0.00    0.00   -1.95   -0.07
020.47475    0.00    0.00   -1.40    0.75
020.475      0.00    0.00   -0.87    1.25
020.47525    0.00    0.00   -0.65    1.42
020.47550    0.00    0.00   -0.69    1.20
020.47575    0.00    0.00   -0.70    0.99
020.476      0.00    0.00   -0.66    0.82
020.47625    0.00    0.00   -0.56    0.77
020.47650    0.00    0.00   -0.42    0.78
020.47675    0.00    0.00   -0.27    0.85
020.477      0.00    0.00   -0.19    1.01
020.47725    0.00    0.00   -0.15    1.22
020.47750    0.00    0.00   -0.03    1.42
020.47775    0.00    0.00    0.03    1.63
020.478      0.00    0.00    0.14    1.93
020.47825    0.00    0.00    0.34    2.12
020.47850    0.00    0.00    0.59    1.81
020.47875    0.00    0.00    0.92    1.52
020.479      0.00    0.00    1.31    1.33
020.47925    0.00    0.00    1.68    1.11
020.47950    0.00    0.00    2.05    0.95
020.47975    0.00    0.00    2.38    0.70
020.480      0.00    0.00    2.68    0.41
020.48025    0.00    0.00    2.95    0.41
020.48050    0.00    0.00    3.20    0.69
020.48075    0.00    0.00    3.40    0.82
020.481      0.00    0.00    3.62    0.85
020.48125    0.00    0.00    3.75    0.79
020.48150    0.00    0.00    3.77    0.61
020.48175    0.00    0.00    3.78    0.38
020.482      0.00    0.00    3.71    0.45
020.48225    0.00    0.00    3.44    0.49
020.48250    0.00    0.00    3.07    0.27
020.48275    0.00    0.00    2.58   -0.01
020.483      0.00    0.00    2.06   -0.21
020.48325    0.00    0.00    1.55   -0.38
020.48350    0.00    0.00    1.26   -0.49
020.48375    0.00    0.00    1.13   -0.61
020.484      0.00    0.00    1.07   -0.26
020.48425    0.00    0.00    0.94    0.10
020.48450    0.00    0.00    0.35   -0.19
020.48475    0.00    0.00   -0.06   -0.28
020.485      0.00    0.00   -0.35   -0.42
020.48525    0.00    0.00   -0.41   -0.62
020.48550    0.00    0.00   -0.61   -0.62
020.48575    0.00    0.00   -1.08   -0.79
020.486      0.00    0.00   -1.28   -1.22
020.48625    0.00    0.00   -1.23   -1.60
020.48650    0.00    0.00   -1.01   -1.97
020.48675    0.00    0.00   -1.09   -1.97
020.487      0.00    0.00   -1.22   -1.80
020.48725    0.00    0.00   -1.09   -1.43
020.48750    0.00    0.00   -0.93   -1.11
020.48775    0.00    0.00   -1.06   -0.69
020.488      0.00    0.00   -1.64   -0.82
020.48825    0.00    0.00   -2.15   -1.42
020.48850    0.00    0.00   -2.00   -1.80
020.48875    0.00    0.00   -1.75   -2.20
020.489      0.00    0.00   -1.68   -2.10
020.48925    0.00    0.00   -2.16   -1.98
020.48950    0.00    0.00   -2.29   -1.95
020.48975    0.00    0.00   -1.95   -1.83
020.490      0.00    0.00   -1.60   -1.75
020.49025    0.00    0.00   -1.51   -1.63
020.49050    0.00    0.00   -1.84   -1.47
020.49075    0.00    0.00   -1.64   -1.22
020.491      0.00    0.00   -0.99   -1.03
020.49125    0.00    0.00   -0.53   -0.76
020.49150    0.00    0.00   -0.71   -0.47
020.49175    0.00    0.00   -1.02   -0.23
020.492      0.00    0.00   -0.68    0.11
020.49225    0.00    0.00   -0.29    0.53
020.49250    0.00    0.00   -0.35    0.72
020.49275    0.00    0.00   -0.81    0.62
020.493      0.00    0.00   -1.13    0.49
020.49325    0.00    0.00   -0.87    0.34
020.49350    0.00    0.00   -0.73    0.39
020.49375    0.00    0.00   -1.05    0.52
020.494      0.00    0.00   -1.56    0.53
020.49425    0.00    0.00   -1.58    0.91
020.49450    0.00    0.00   -1.39    0.95
020.49475    0.00    0.00   -1.36    0.88
020.495      0.00    0.00   -1.35    0.96
020.49525    0.00    0.00   -1.16    1.12
020.49550    0.00    0.00   -0.82    1.29
020.49575    0.00    0.00   -0.49    1.52
020.496      0.00    0.00   -0.32    1.40
020.49625    0.00    0.00   -0.22    1.13
020.49650    0.00    0.00   -0.28    1.36
020.49675    0.00    0.00   -1.00    1.09
020.497      0.00    0.00   -1.81    0.65
020.49725    0.00    0.00   -2.41    0.14
020.49750    0.00    0.00   -2.65   -0.19
020.49775    0.00    0.00   -2.60   -0.62
020.498      0.00    0.00   -2.61   -1.05
020.49825    0.00    0.00   -2.98   -1.81
020.49850    0.00    0.00   -3.25   -2.75
020.49875    0.00    0.00   -3.54   -3.38
020.499      0.00    0.00   -4.15   -4.11
020.49925    0.00    0.00   -4.94   -4.76
020.49950    0.00    0.00   -5.48   -5.37
020.49975    0.00    0.00   -5.65   -5.88
020.500      0.00    0.00   -5.87   -6.23
020.50025    0.00    0.00   -6.05   -6.45
020.50050    0.00    0.00   -5.64   -6.29
020.50075    0.00    0.00   -4.77   -5.81
020.501      0.00    0.00   -3.58   -5.01
020.50125    0.00    0.00   -2.50   -4.12
020.50150    0.00    0.00   -1.60   -3.29
020.50175    0.00    0.00   -1.26   -2.87
020.502      0.00    0.00   -1.13   -2.52
020.50225    0.00    0.00   -0.96   -2.06
020.50250    0.00    0.00   -0.78   -1.59
020.50275    0.00    0.00   -0.59   -1.19
020.503      0.00    0.00   -0.43   -0.84
020.50325    0.00    0.00   -0.40   -0.48
020.50350    0.00    0.00   -0.26   -0.06
020.50375    0.00    0.00   -0.03    0.21
020.504      0.00    0.00    0.26    0.63
020.50425    0.00    0.00    0.63    1.15
020.50450    0.00    0.00    0.71    1.28
020.50475    0.00    0.00    0.67    1.06
020.505      0.00    0.00    0.29    0.75
020.50525    0.00    0.00    0.08    0.61
020.50550    0.00    0.00   -0.03    0.57
020.50575    0.00    0.00   -0.26    0.38
020.506      0.00    0.00   -0.51    0.06
020.50625    0.00    0.00   -0.60    0.05
020.50650    0.00    0.00   -0.54    0.31
020.50675    0.00    0.00   -0.39   -0.01
020.507      0.00    0.00   -0.22    0.25
020.50725    0.00    0.00    0.00    0.81
020.50750    0.00    0.00    0.00    1.12
020.50775    0.00    0.00   -0.07    1.04
020.508      0.00    0.00   -0.19    0.67
020.50825    0.00    0.00   -0.26    0.42
020.50850    0.00    0.00   -0.09    0.43
020.50875    0.00    0.00    0.40    0.35
020.509      0.00    0.00    1.05    0.18
020.50925    0.00    0.00    1.62    0.04
020.50950    0.00    0.00    2.03   -0.06
020.50975    0.00    0.00    2.44   -0.06
020.510      0.00    0.00    2.78   -0.16
020.51025    0.00    0.00    2.98   -0.52
020.51050    0.00    0.00    3.10   -0.67
020.51075    0.00    0.00    3.19   -0.63
020.511      0.00    0.00    3.29   -0.67
020.51125    0.00    0.00    3.39   -1.11
020.51150    0.00    0.00    3.43   -1.54
020.51175    0.00    0.00    3.39   -1.42
020.512      0.00    0.00    3.38   -1.47
020.51225    0.00    0.00    3.44   -1.95
020.51250    0.00    0.00    3.31   -2.48
020.51275    0.00    0.00    3.01   -2.71
020.513      0.00    0.00    2.78   -2.37
020.51325    0.00    0.00    2.56   -2.16
020.51350    0.00    0.00    2.36   -2.21
020.51375    0.00    0.00    2.16   -2.10
020.514      0.00    0.00    2.12   -1.75
020.51425    0.00    0.00    2.10   -1.39
020.51450    0.00    0.00    2.05   -1.36
020.51475    0.00    0.00    2.02   -1.30
020.515      0.00    0.00    2.03   -1.06
020.51525    0.00    0.00    2.04   -0.80
020.51550    0.00    0.00    1.92   -0.64
020.51575    0.00    0.00    1.67   -0.72
020.516      0.00    0.00    1.41   -1.05
020.51625    0.00    0.00    1.14   -1.10
020.51650    0.00    0.00    0.89   -0.97
020.51675    0.00    0.00    0.80   -1.04
020.517      0.00    0.00    0.62   -1.50
020.51725    0.00    0.00    0.63   -1.87
020.51750    0.00    0.00    0.53   -2.12
020.51775    0.00    0.00    0.81   -1.88
020.518      0.00    0.00    1.07   -1.81
020.51825    0.00    0.00    1.30   -1.82
020.51850    0.00    0.00    1.36   -1.91
020.51875    0.00    0.00    1.35   -2.12
020.519      0.00    0.00    1.30   -2.45
020.51925    0.00    0.00    1.20   -2.79
020.51950    0.00    0.00    1.05   -3.11
020.51975    0.00    0.00    0.82   -3.23
020.520      0.00    0.00    0.65   -3.31
020.52025    0.00    0.00    0.35   -3.40
020.52050    0.00    0.00    0.08   -3.52
020.52075    0.00    0.00   -0.03   -3.11
020.521      0.00    0.00    0.10   -2.72
020.52125    0.00    0.00    0.15   -2.41
020.52150    0.00    0.00    0.51   -2.36
020.52175    0.00    0.00    0.20   -2.71
020.522      0.00    0.00   -0.09   -3.04
020.52225    0.00    0.00   -0.35   -3.35
020.52250    0.00    0.00   -0.46   -3.45
020.52275    0.00    0.00   -0.40   -3.40
020.523      0.00    0.00   -0.24   -3.23
020.52325    0.00    0.00    0.03   -3.01
020.52350    0.00    0.00    0.33   -2.88
020.52375    0.00    0.00    0.62   -2.81
020.524      0.00    0.00    0.89   -2.75
020.52425    0.00    0.00    1.09   -2.62
020.52450    0.00    0.00    1.32   -2.44
020.52475    0.00    0.00    1.49   -2.40
020.525      0.00    0.00    1.61   -2.30
020.52525    0.00    0.00    1.71   -2.09
020.52550    0.00    0.00    1.78   -1.96
020.52575    0.00    0.00    1.84   -1.93
020.526      0.00    0.00    1.81   -1.82
020.52625    0.00    0.00    1.77   -1.67
020.52650    0.00    0.00    1.68   -1.55
020.52675    0.00    0.00    1.54   -1.44
020.527      0.00    0.00    1.35   -1.28
020.52725    0.00    0.00    1.16   -1.05
020.52750    0.00    0.00    1.08   -0.79
020.52775    0.00    0.00    1.01   -0.75
020.528      0.00    0.00    0.87   -0.80
020.52825    0.00    0.00    0.79   -0.83
020.52850    0.00    0.00    0.66   -0.96
020.52875    0.00    0.00    0.49   -1.15
020.529      0.00    0.00    0.25   -1.44
020.52925    0.00    0.00   -0.04   -1.77
020.52950    0.00    0.00   -0.32   -2.16
020.52975    0.00    0.00   -0.35   -2.26
020.530      0.00    0.00   -0.08   -2.23
020.53025    0.00    0.00   -0.03   -2.10
020.53050    0.00    0.00    0.13   -1.83
020.53075    0.00    0.00    0.22   -1.65
020.531      0.00    0.00    0.41   -1.47
020.53125    0.00    0.00    0.53   -1.37
020.53150    0.00    0.00    0.61   -1.33
020.53175    0.00    0.00    0.66   -1.25
020.532      0.00    0.00    0.75   -1.31
020.53225    0.00    0.00    0.84   -1.38
020.53250    0.00    0.00    0.97   -1.46
020.53275    0.00    0.00    1.20   -1.38
020.533      0.00    0.00    1.51   -1.18
020.53325    0.00    0.00    1.85   -0.52
020.53350    0.00    0.00    2.25    0.59
020.53375    0.00    0.00    2.38    1.08
020.534      0.00    0.00    1.99    1.13
020.53425    0.00    0.00    1.99    1.42
020.53450    0.00    0.00    2.01    1.34
020.53475    0.00    0.00    2.01    1.09
020.535      0.00    0.00    1.95    0.82
020.53525    0.00    0.00    1.87    0.68
020.53550    0.00    0.00    1.76    0.47
020.53575    0.00    0.00    1.65    0.31
020.536      0.00    0.00    1.66    0.47
020.53625    0.00    0.00    1.68    0.64
020.53650    0.00    0.00    1.50    1.22
020.53675    0.00    0.00    1.44    1.70
020.537      0.00    0.00    1.65    1.23
020.53725    0.00    0.00    1.87    0.86
020.53750    0.00    0.00    2.17    0.63
020.53775    0.00    0.00    2.42    0.43
020.538      0.00    0.00    2.65    0.52
020.53825    0.00    0.00    2.67    0.13
020.53850    0.00    0.00    2.58    0.02
020.53875    0.00    0.00    2.59   -0.14
020.539      0.00    0.00    2.74   -0.15
020.53925    0.00    0.00    2.79   -0.24
020.53950    0.00    0.00    2.76   -0.40
020.53975    0.00    0.00    2.71   -0.50
020.540      0.00    0.00    2.59   -0.47
020.54025    0.00    0.00    2.53   -0.26
020.54050    0.00    0.00    2.64    0.11
020.54075    0.00    0.00    2.62    0.51
020.541      0.00    0.00    2.33    0.51
020.54125    0.00    0.00    1.82    0.70
020.54150    0.00    0.00    1.20    0.46
020.54175    0.00    0.00    0.83    0.34
020.542      0.00    0.00    0.44    0.32
020.54225    0.00    0.00    0.10    0.03
020.54250    0.00    0.00   -0.26    0.05
020.54275    0.00    0.00   -0.39    0.22
020.543      0.00    0.00   -0.42    0.30
020.54325    0.00    0.00   -0.15    0.53
020.54350    0.00    0.00    0.13    0.92
020.54375    0.00    0.00    0.31    1.34
020.544      0.00    0.00    0.36    1.62
020.54425    0.00    0.00    0.42    1.76
020.54450    0.00    0.00    0.46    1.90
020.54475    0.00    0.00    0.55    2.04
020.545      0.00    0.00    0.62    2.01
020.54525    0.00    0.00    0.69    1.73
020.54550    0.00    0.00    0.93    1.67
020.54575    0.00    0.00    1.02    1.58
020.546      0.00    0.00    1.19    1.13
020.54625    0.00    0.00    1.25    0.86
020.54650    0.00    0.00    1.62    0.85
020.54675    0.00    0.00    1.62    0.44
020.547      0.00    0.00    1.37   -0.08
020.54725    0.00    0.00    0.97   -0.24
020.54750    0.00    0.00    0.36   -0.40
020.54775    0.00    0.00   -0.09   -0.87
020.548      0.00    0.00   -0.39   -1.46
020.54825    0.00    0.00   -0.59   -1.91
020.54850    0.00    0.00   -0.86   -2.14
020.54875    0.00    0.00   -1.20   -2.52
020.549      0.00    0.00   -1.22   -2.92
020.54925    0.00    0.00   -1.13   -2.98
020.54950    0.00    0.00   -1.00   -2.81
020.54975    0.00    0.00   -1.31   -2.87
020.550      0.00    0.00   -1.70   -2.68
020.55025    0.00    0.00   -1.86   -2.14
020.55050    0.00    0.00   -1.99   -1.64
020.55075    0.00    0.00   -1.77   -1.10
020.551      0.00    0.00   -1.83   -0.69
020.55125    0.00    0.00   -1.90   -0.93
020.55150    0.00    0.00   -1.26   -1.09
020.55175    0.00    0.00   -0.69   -1.03
020.552      0.00    0.00   -0.62   -0.94
020.55225    0.00    0.00   -1.03   -1.28
020.55250    0.00    0.00   -0.88   -1.06
020.55275    0.00    0.00   -0.49   -0.59
020.553      0.00    0.00   -0.36   -0.24
020.55325    0.00    0.00   -0.59   -0.16
020.55350    0.00    0.00   -1.07   -0.38
020.55375    0.00    0.00   -0.98   -0.18
020.554      0.00    0.00   -0.62   -0.18
020.55425    0.00    0.00   -0.32   -0.45
020.55450    0.00    0.00   -0.31   -0.77
020.55475    0.00    0.00   -0.46   -0.96
020.555      0.00    0.00   -0.08   -1.04
020.55525    0.00    0.00    0.42   -0.98
020.55550    0.00    0.00    0.46   -0.86
020.55575    0.00    0.00    0.39   -0.54
020.556      0.00    0.00    0.88    0.03
020.55625    0.00    0.00    1.88    0.50
020.55650    0.00    0.00    2.34    0.80
020.55675    0.00    0.00    2.41    0.89
020.557      0.00    0.00    2.45    1.37
020.55725    0.00    0.00    2.86    1.48
020.55750    0.00    0.00    3.45    1.24
020.55775    0.00    0.00    3.59    1.23
020.558      0.00    0.00    3.49    1.57
020.55825    0.00    0.00    3.08    1.91
020.55850    0.00    0.00    2.65    1.38
020.55875    0.00    0.00    2.18    0.81
020.559      0.00    0.00    1.56    0.49
020.55925    0.00    0.00    0.86    0.01
020.55950    0.00    0.00    0.19   -0.35
020.55975    0.00    0.00   -0.50   -1.08
020.560      0.00    0.00   -1.34   -1.67
020.56025    0.00    0.00   -1.90   -2.19
020.56050    0.00    0.00   -2.01   -2.53
020.56075    0.00    0.00   -1.87   -2.81
020.561      0.00    0.00   -1.76   -3.11
020.56125    0.00    0.00   -1.84   -2.94
020.56150    0.00    0.00   -1.54   -2.73
020.56175    0.00    0.00   -1.23   -2.74
020.562      0.00    0.00   -1.14   -2.84
020.56225    0.00    0.00   -1.06   -2.81
020.56250    0.00    0.00   -0.72   -2.49
020.56275    0.00    0.00   -0.09   -2.36
020.563      0.00    0.00    0.35   -2.49
020.56325    0.00    0.00    0.58   -2.55
020.56350    0.00    0.00    0.99   -2.54
020.56375    0.00    0.00    1.47   -2.20
020.564      0.00    0.00    1.61   -2.10
020.56425    0.00    0.00    1.15   -2.10
020.56450    0.00    0.00    0.87   -2.35
020.56475    0.00    0.00    0.50   -2.53
020.565      0.00    0.00    0.01   -2.92
020.56525    0.00    0.00   -0.42   -3.41
020.56550    0.00    0.00   -0.76   -3.66
020.56575    0.00    0.00   -0.97   -3.87
020.566      0.00    0.00   -1.05   -4.01
020.56625    0.00    0.00   -1.14   -4.00
020.56650    0.00    0.00   -1.29   -4.04
020.56675    0.00    0.00   -1.44   -4.05
020.567      0.00    0.00   -1.46   -4.03
020.56725    0.00    0.00   -1.48   -3.97
020.56750    0.00    0.00   -1.45   -3.78
020.56775    0.00    0.00   -1.39   -3.64
020.568      0.00    0.00   -1.27   -3.41
020.56825    0.00    0.00   -1.08   -2.97
020.56850    0.00    0.00   -0.86   -2.57
020.56875    0.00    0.00   -0.75   -2.22
020.569      0.00    0.00   -0.62   -1.94
020.56925    0.00    0.00   -0.46   -1.63
020.56950    0.00    0.00   -0.35   -1.32
020.56975    0.00    0.00   -0.33   -1.09
020.570      0.00    0.00   -0.28   -0.74
020.57025    0.00    0.00   -0.18   -0.51
020.57050    0.00    0.00    0.02   -0.31
020.57075    0.00    0.00    0.25   -0.20
020.571      0.00    0.00    0.46   -0.23
020.57125    0.00    0.00    0.67   -0.38
020.57150    0.00    0.00    0.87   -0.57
020.57175    0.00    0.00    1.30   -0.66
020.572      0.00    0.00    1.49   -0.88
020.57225    0.00    0.00    1.85   -0.85
020.57250    0.00    0.00    2.09   -0.62
020.57275    0.00    0.00    2.22   -0.52
020.573      0.00    0.00    2.34   -0.53
020.57325    0.00    0.00    2.42   -0.47
020.57350    0.00    0.00    2.49   -0.24
020.57375    0.00    0.00    2.55   -0.06
020.574      0.00    0.00    2.60    0.04
020.57425    0.00    0.00    2.64    0.26
020.57450    0.00    0.00    2.55    0.57
020.57475    0.00    0.00    2.46    0.82
020.575      0.00    0.00    2.44    0.75
020.57525    0.00    0.00    2.38    1.29
020.57550    0.00    0.00    2.22    1.52
020.57575    0.00    0.00    1.90    1.40
020.576      0.00    0.00    2.07    1.93
020.57625    0.00    0.00    1.94    2.01
020.57650    0.00    0.00    1.70    1.85
020.57675    0.00    0.00    1.25    1.48
020.577      0.00    0.00    1.21    1.48
020.57725    0.00    0.00    1.28    1.56
020.57750    0.00    0.00    1.31    1.47
020.57775    0.00    0.00    1.34    1.38
020.578      0.00    0.00    1.47    1.20
020.57825    0.00    0.00    1.58    0.82
020.57850    0.00    0.00    1.57    0.32
020.57875    0.00    0.00    1.45    0.01
020.579      0.00    0.00    1.21    0.39
020.57925    0.00    0.00    1.06   -0.41
020.57950    0.00    0.00    0.99   -0.31
020.57975    0.00    0.00    1.23    0.56
020.580      0.00    0.00    1.24   -0.25
020.58025    0.00    0.00    1.26   -0.63
020.58050    0.00    0.00    1.23   -0.97
020.58075    0.00    0.00    0.92   -1.49
020.581      0.00    0.00    0.56   -1.99
020.58125    0.00    0.00    0.04   -2.75
020.58150    0.00    0.00   -0.40   -3.46
020.58175    0.00    0.00   -0.85   -3.96
020.582      0.00    0.00   -1.34   -4.33
020.58225    0.00    0.00   -1.76   -4.44
020.58250    0.00    0.00   -2.07   -4.52
020.58275    0.00    0.00   -2.34   -4.37
020.583      0.00    0.00   -2.55   -4.26
020.58325    0.00    0.00   -2.62   -3.81
020.58350    0.00    0.00   -2.56   -3.01
020.58375    0.00    0.00   -2.80   -2.51
020.584      0.00    0.00   -2.90   -1.61
020.58425    0.00    0.00   -3.04   -1.48
020.58450    0.00    0.00   -3.11   -1.41
020.58475    0.00    0.00   -3.09   -1.39
020.585      0.00    0.00   -2.91   -1.36
020.58525    0.00    0.00   -2.71   -1.33
020.58550    0.00    0.00   -2.65   -1.35
020.58575    0.00    0.00   -2.59   -1.52
020.586      0.00    0.00   -2.47   -1.76
020.58625    0.00    0.00   -2.01   -1.91
020.58650    0.00    0.00   -1.89   -1.95
020.58675    0.00    0.00   -1.76   -1.97
020.587      0.00    0.00   -1.26   -1.79
020.58725    0.00    0.00   -1.00   -1.96
020.58750    0.00    0.00   -0.99   -2.39
020.58775    0.00    0.00   -1.07   -2.85
020.588      0.00    0.00   -1.09   -3.13
020.58825    0.00    0.00   -0.98   -3.11
020.58850    0.00    0.00   -0.92   -3.01
020.58875    0.00    0.00   -0.92   -2.78
020.589      0.00    0.00   -1.01   -2.47
020.58925    0.00    0.00   -0.92   -2.19
020.58950    0.00    0.00   -0.61   -1.92
020.58975    0.00    0.00   -0.62   -1.70
020.590      0.00    0.00   -0.38   -1.32
020.59025    0.96    0.99   -0.57   -1.01
020.59050    2.22    2.10   -0.20   -0.70
020.59075    3.70    3.31   -0.04   -0.64
020.591      5.34    4.59   -0.25   -0.73
020.59125    7.04    5.92   -0.33   -0.65
020.59150    7.77    6.29   -0.47   -0.53
020.59175    8.11    6.54   -0.76   -0.32
020.592      8.10    6.67   -0.56   -0.09
020.59225    7.78    6.67    0.11    0.11
020.59250    7.26    6.57    0.46    0.37
020.59275    6.65    6.38    0.53    0.62
020.593      6.04    6.11    0.38    0.92
020.59325    5.52    5.80    0.38    1.29
020.59350    5.15    5.48    0.68    1.63
020.59375    4.95    5.18    0.61    1.88
020.594      4.92    4.92    0.53    2.02
020.59425    5.01    4.71    0.42    2.26
020.59450    5.20    4.56    0.17    2.35
020.59475    5.40    4.46    0.19    2.34
020.595      5.58    4.40    0.58    2.62
020.59525    5.66    4.36    1.14    2.84
020.59550    5.63    4.32    1.04    3.00
020.59575    5.44    4.26    0.87    3.13
020.596      5.10    4.16    0.72    3.27
020.59625    4.60    4.01    1.11    3.41
020.59650    4.00    3.82    1.05    3.54
020.59675    3.32    3.57    0.93    3.72
020.597      2.64    3.29    0.46    3.77
020.59725    2.00    2.99    0.40    3.74
020.59750    1.47    2.68    0.25    3.68
020.59775    1.06    2.37    0.38    3.66
020.598      0.79    2.07    0.42    3.50
020.59825    0.64    1.78    0.00    3.24
020.59850    0.60    1.51   -0.50    2.95
020.59875    0.59    1.24   -1.07    2.61
020.599      0.58    0.96   -1.45    2.30
020.59925    0.52    0.67   -1.97    2.00
020.59950    0.40    0.36   -2.35    1.66
020.59975    0.20    0.02   -2.84    1.30
020.600     -0.05   -0.35   -3.13    0.94
020.60025   -0.33   -0.73   -3.42    0.71
020.60050   -0.60   -1.14   -3.32    0.50
020.60075   -0.83   -1.54   -3.12    0.50
020.601     -0.98   -1.93   -2.84    0.51
020.60125   -1.07   -2.28   -2.53    0.51
020.60150   -1.11   -2.60   -2.37    0.46
020.60175   -1.12   -2.88   -2.34    0.42
020.602     -1.15   -3.12   -2.30    0.41
020.60225   -1.22   -3.32   -2.19    0.42
020.60250   -1.38   -3.50   -1.99    0.47
020.60275   -1.61   -3.64   -1.81    0.49
020.603     -1.91   -3.78   -1.65    0.42
020.60325   -2.25   -3.89   -1.40    0.33
020.60350   -2.62   -4.00   -1.12    0.32
020.60375   -2.98   -4.11   -0.67    0.50
020.604     -3.29   -4.20   -0.43    0.70
020.60425   -3.54   -4.29   -0.46    0.68
020.60450   -3.73   -4.38   -0.67    0.46
020.60475   -3.86   -4.45   -1.21   -0.01
020.605     -3.94   -4.52   -1.59   -0.41
020.60525   -3.97   -4.58   -1.83   -0.71
020.60550   -3.98   -4.63   -2.02   -0.80
020.60575   -3.97   -4.67   -2.13   -0.78
020.606     -3.94   -4.69   -2.21   -0.70
020.60625   -3.90   -4.68   -2.26   -0.53
020.60650   -3.86   -4.65   -2.40   -0.38
020.60675   -3.84   -4.60   -2.52   -0.28
020.607     -3.84   -4.52   -2.61   -0.22
020.60725   -3.88   -4.42   -2.71   -0.20
020.60750   -3.98   -4.32   -2.79   -0.27
020.60775   -4.13   -4.22   -2.84   -0.40
020.608     -4.34   -4.12   -2.86   -0.59
020.60825   -4.56   -4.02   -2.90   -0.75
020.60850   -4.78   -3.94   -2.89   -0.89
020.60875   -4.94   -3.86   -2.86   -0.99
020.609     -5.01   -3.78   -2.71   -1.02
020.60925   -4.96   -3.69   -2.60   -1.06
020.60950   -4.79   -3.59   -2.48   -1.20
020.60975   -4.50   -3.46   -2.30   -1.32
020.610     -4.12   -3.29   -2.18   -1.51
020.61025   -3.70   -3.10   -2.12   -1.69
020.61050   -3.29   -2.87   -2.19   -1.90
020.61075   -2.94   -2.62   -2.27   -2.08
020.611     -2.67   -2.35   -2.57   -2.24
020.61125   -2.50   -2.07   -2.73   -2.33
020.61150   -2.42   -1.80   -2.71   -2.16
020.61175   -2.39   -1.53   -2.48   -2.05
020.612     -2.37   -1.27   -2.06   -1.79
020.61225   -2.30   -1.02   -1.51   -1.48
020.61250   -2.15   -0.79   -1.21   -1.22
020.61275   -1.88   -0.54   -0.95   -0.87
020.613     -1.47   -0.27   -0.83   -0.56
020.61325   -0.93    0.03   -0.73   -0.20
020.61350   -0.29    0.39   -0.63    0.16
020.61375    0.43    0.81   -0.34    0.59
020.614      1.18    1.29    0.03    1.04
020.61425    1.92    1.84    0.40    1.46
020.61450    2.63    2.46    0.84    1.98
020.61475    3.28    3.10    1.35    2.47
020.615      3.84    3.77    1.87    3.00
020.61525    4.32    4.42    2.42    3.68
020.61550    4.73    5.06    2.50    4.08
020.61575    5.07    5.64    2.86    4.64
020.616      5.36    6.16    2.44    4.76
020.61625    5.64    6.61    1.89    4.68
020.61650    5.95    6.99    1.63    4.56
020.61675    6.29    7.29    1.13    4.58
020.617      6.69    7.53    0.84    4.67
020.61725    7.15    7.70    0.50    4.70
020.61750    7.67    7.82    0.13    4.74
020.61775    8.20    7.86   -0.19    4.75
020.618      8.68    7.85   -0.53    4.55
020.61825    9.07    7.76   -0.87    4.30
020.61850    9.29    7.61   -1.45    3.86
020.61875    9.29    7.39   -1.88    3.29
020.619      9.04    7.13   -2.10    2.63
020.61925    8.54    6.83   -1.90    2.03
020.61950    7.84    6.52   -0.79    1.77
020.61975    6.98    6.22   -1.43    1.73
020.620      6.06    5.93   -1.48    2.08
020.62025    5.16    5.69   -1.64    2.31
020.62050    4.37    5.48   -2.05    2.23
020.62075    3.73    5.31   -1.83    2.20
020.621      3.26    5.16   -1.79    2.10
020.62125    2.95    5.00   -1.64    2.10
020.62150    2.76    4.82   -1.46    2.03
020.62175    2.63    4.58   -1.23    2.12
020.622      2.49    4.24   -0.93    2.35
020.62225    2.27    3.80   -0.61    2.67
020.62250    1.94    3.23   -0.15    3.04
020.62275    1.46    2.54    0.38    3.49
020.623      0.84    1.72    1.10    4.08
020.62325    0.09    0.79    1.67    4.62
020.62350   -0.72   -0.20    1.80    4.87
020.62375   -1.57   -1.24    1.86    4.76
020.624     -2.40   -2.27    1.31    4.43
020.62425   -3.17   -3.27    0.95    4.04
020.62450   -3.87   -4.19    0.67    3.61
020.62475   -4.46   -5.02    0.46    3.21
020.625     -4.96   -5.75    0.34    2.76
020.62525   -5.38   -6.36    0.22    2.41
020.62550   -5.75   -6.88    0.11    2.05
020.62575   -6.10   -7.30   -0.03    1.67
020.626     -6.43   -7.65   -0.22    1.41
020.62625   -6.76   -7.94   -0.49    1.24
020.62650   -7.10   -8.17   -0.60    1.17
020.62675   -7.42   -8.35   -0.70    1.19
020.627     -7.71   -8.48   -0.71    1.21
020.62725   -7.93   -8.53   -0.55    1.24
020.62750   -8.07   -8.51   -0.27    1.32
020.62775   -8.11   -8.41    0.13    1.40
020.628     -8.04   -8.21    0.58    1.51
020.62825   -7.85   -7.94    0.99    1.64
020.62850   -7.56   -7.59    1.33    1.84
020.62875   -7.19   -7.19    1.52    2.04
020.629     -6.76   -6.75    1.63    2.23
020.62925   -6.29   -6.29    1.67    2.36
020.62950   -5.81   -5.83    1.73    2.51
020.62975   -5.34   -5.40    1.77    2.58
020.630     -4.88   -4.99    1.69    2.41
020.63025   -4.44   -4.61    1.63    2.19
020.63050   -4.02   -4.26    1.57    1.94
020.63075   -3.60   -3.93    1.52    1.62
020.631     -3.19   -3.61    1.48    1.35
020.63125   -2.78   -3.28    1.38    1.08
020.63150   -2.37   -2.94    1.28    0.86
020.63175   -1.94   -2.58    1.12    0.60
020.632     -1.49   -2.19    1.01    0.30
020.63225   -1.03   -1.76    0.83    0.09
020.63250   -0.56   -1.32    0.70   -0.09
020.63275   -0.08   -0.85    0.68   -0.21
020.633      0.41   -0.37    0.72   -0.34
020.63325    0.88    0.11    0.91   -0.43
020.63350    1.35    0.59    1.04   -0.49
020.63375    1.80    1.05    1.15   -0.54
020.634      2.20    1.49    1.22   -0.51
020.63425    2.57    1.89    1.18   -0.51
020.63450    2.89    2.26    1.12   -0.44
020.63475    3.17    2.60    1.35   -0.38
020.635      3.41    2.90    1.51   -0.34
020.63525    3.63    3.16    1.70   -0.25
020.63550    3.84    3.41    1.81   -0.20
020.63575    4.04    3.63    1.88   -0.07
020.636      4.25    3.83    1.91    0.06
020.63625    4.45    4.02    1.95    0.14
020.63650    4.65    4.20    1.96    0.17
020.63675    4.84    4.36    1.96    0.15
020.637      4.99    4.52    1.90    0.10
020.63725    5.09    4.66    1.71   -0.03
020.63750    5.14    4.80    1.45   -0.13
020.63775    5.14    4.93    1.11   -0.28
020.638      5.10    5.05    0.69   -0.51
020.63825    5.03    5.15    0.32   -0.70
020.63850    4.97    5.25   -0.08   -0.85
020.63875    4.90    5.32   -0.33   -0.87
020.639      4.86    5.38   -0.46   -0.88
020.63925    4.84    5.41   -0.59   -0.94
020.63950    4.84    5.43   -0.68   -1.02
020.63975    4.84    5.43   -0.82   -1.17
020.640      4.82    5.41   -0.92   -1.31
020.64025    4.78    5.38   -0.98   -1.38
020.64050    4.69    5.35   -1.02   -1.51
020.64075    4.55    5.30   -1.06   -1.51
020.641      4.36    5.24   -1.12   -1.62
020.64125    4.11    5.14   -1.11   -1.64
020.64150    3.83    5.02   -1.08   -1.55
020.64175    3.53    4.83   -1.05   -1.53
020.642      3.20    4.59   -1.03   -1.45
020.64225    2.85    4.26   -1.07   -1.45
020.64250    2.49    3.87   -1.06   -1.53
020.64275    2.11    3.40   -1.15   -1.61
020.643      1.69    2.87   -1.20   -1.70
020.64325    1.24    2.28   -1.30   -1.70
020.64350    0.76    1.66   -1.40   -1.68
020.64375    0.24    1.02   -1.49   -1.59
020.644     -0.31    0.37   -1.63   -1.46
020.64425   -0.86   -0.27   -1.73   -1.26
020.64450   -1.41   -0.91   -1.82   -1.03
020.64475   -1.94   -1.52   -1.94   -0.84
020.645     -2.43   -2.11   -2.02   -0.73
020.64525   -2.86   -2.66   -2.13   -0.75
020.64550   -3.25   -3.18   -2.16   -0.84
020.64575   -3.58   -3.65   -2.17   -0.89
020.646     -3.86   -4.07   -2.19   -0.94
020.64625   -4.08   -4.43   -2.15   -0.95
020.64650   -4.27   -4.73   -2.13   -0.95
020.64675   -4.41   -4.97   -2.09   -0.93
020.647     -4.51   -5.13   -2.08   -0.83
020.64725   -4.56   -5.24   -2.07   -0.79
020.64750   -4.60   -5.29   -2.00   -0.74
020.64775   -4.60   -5.29   -1.95   -0.77
020.648     -4.59   -5.26   -1.92   -0.85
020.64825   -4.56   -5.18   -1.88   -0.98
020.64850   -4.54   -5.08   -1.87   -1.14
020.64875   -4.51   -4.96   -1.81   -1.22
020.649     -4.49   -4.81   -1.73   -1.29
020.64925   -4.47   -4.64   -1.54   -1.23
020.64950   -4.44   -4.45   -1.39   -1.09
020.64975   -4.40   -4.24   -1.26   -0.91
020.650     -4.32   -4.03   -1.15   -0.68
020.65025   -4.21   -3.80   -1.06   -0.44
020.65050   -4.06   -3.59   -1.03   -0.19
020.65075   -3.88   -3.38   -1.02    0.05
020.651     -3.67   -3.18   -1.03    0.16
020.65125   -3.44   -2.99   -1.03    0.25
020.65150   -3.20   -2.83   -1.11    0.21
020.65175   -2.96   -2.68   -1.17    0.20
020.652     -2.71   -2.52   -1.21    0.18
020.65225   -2.46   -2.36   -1.27    0.08
020.65250   -2.22   -2.20   -1.26   -0.02
020.65275   -1.97   -2.01   -1.25   -0.10
020.653     -1.71   -1.80   -1.26   -0.15
020.65325   -1.44   -1.57   -1.43   -0.16
020.65350   -1.16   -1.33   -1.62   -0.23
020.65375   -0.89   -1.07   -1.85   -0.32
020.654     -0.62   -0.82   -2.08   -0.48
020.65425   -0.36   -0.56   -2.22   -0.70
020.65450   -0.13   -0.33   -2.40   -0.94
020.65475    0.09   -0.10   -2.46   -1.22
020.655      0.29    0.12   -2.47   -1.39
020.65525    0.47    0.33   -2.48   -1.52
020.65550    0.67    0.55   -2.38   -1.52
020.65575    0.86    0.77   -2.30   -1.44
020.656      1.07    1.00   -2.27   -1.33
020.65625    1.29    1.23   -2.24   -1.12
020.65650    1.53    1.47   -2.20   -0.89
020.65675    1.78    1.70   -2.11   -0.71
020.657      2.04    1.92   -2.00   -0.61
020.65725    2.28    2.12   -1.83   -0.44
020.65750    2.52    2.30   -1.68   -0.30
020.65775    2.75    2.46   -1.51   -0.20
020.658      2.95    2.59   -1.24   -0.06
020.65825    3.13    2.70   -1.03    0.02
020.65850    3.30    2.81   -0.96   -0.01
020.65875    3.44    2.90   -1.17   -0.16
020.659      3.56    2.98   -1.23   -0.16
020.65925    3.66    3.05   -1.19   -0.10
020.65950    3.73    3.12   -1.28   -0.10
020.65975    3.77    3.17   -1.40   -0.16
020.660      3.79    3.21   -1.58   -0.42
020.66025    3.78    3.24   -1.72   -0.70
020.66050    3.77    3.26   -1.89   -1.04
020.66075    3.75    3.27   -2.04   -1.37
020.661      3.73    3.29   -2.07   -1.63
020.66125    3.73    3.30   -2.16   -1.80
020.66150    3.75    3.34   -2.20   -1.86
020.66175    3.77    3.38   -2.18   -1.85
020.662      3.81    3.43   -2.21   -1.82
020.66225    3.83    3.47   -2.20   -1.71
020.66250    3.83    3.51   -1.93   -1.36
020.66275    3.80    3.52   -1.33   -0.80
020.663      3.72    3.48   -0.91   -0.32
020.66325    3.60    3.39   -0.53    0.19
020.66350    3.44    3.25   -0.33    0.51
020.66375    3.23    3.04   -0.33    0.68
020.664      3.00    2.79   -0.45    0.93
020.66425    2.74    2.49   -0.57    1.10
020.66450    2.46    2.19   -0.63    1.23
020.66475    2.17    1.89   -0.68    1.35
020.665      1.85    1.60   -0.79    1.37
020.66525    1.50    1.34   -0.94    1.30
020.66550    1.14    1.10   -1.20    1.08
020.66575    0.75    0.88   -1.44    0.84
020.666      0.33    0.67   -1.64    0.58
020.66625   -0.11    0.43   -1.86    0.35
020.66650   -0.57    0.17   -2.01    0.17
020.66675   -1.02   -0.13   -2.10    0.03
020.667     -1.46   -0.48   -2.12   -0.07
020.66725   -1.88   -0.86   -2.16   -0.14
020.66750   -2.27   -1.27   -2.17   -0.20
020.66775   -2.61   -1.68   -2.06   -0.24
020.668     -2.92   -2.07   -1.97   -0.32
020.66825   -3.17   -2.41   -1.94   -0.43
020.66850   -3.39   -2.71   -1.96   -0.59
020.66875   -3.57   -2.95   -1.96   -0.66
020.669     -3.73   -3.13   -1.96   -0.69
020.66925   -3.85   -3.25   -1.98   -0.69
020.66950   -3.97   -3.33   -1.98   -0.63
020.66975   -4.07   -3.39   -2.02   -0.56
020.670     -4.16   -3.43   -2.01   -0.47
020.67025   -4.23   -3.46   -1.94   -0.38
020.67050   -4.29   -3.49   -1.88   -0.36
020.67075   -4.32   -3.51   -1.72   -0.36
020.671     -4.31   -3.53   -1.62   -0.42
020.67125   -4.25   -3.53   -1.56   -0.52
020.67150   -4.15   -3.51   -1.55   -0.62
020.67175   -3.98   -3.46   -1.57   -0.72
020.672     -3.77   -3.39   -1.59   -0.74
020.67225   -3.51   -3.28   -1.61   -0.75
020.67250   -3.23   -3.16   -1.59   -0.73
020.67275   -2.94   -3.02   -1.53   -0.65
020.673     -2.66   -2.86   -1.39   -0.49
020.67325   -2.39   -2.69   -1.19   -0.28
020.67350   -2.15   -2.51   -1.02   -0.14
020.67375   -1.94   -2.33   -0.80    0.02
020.674     -1.74   -2.13   -0.57    0.10
020.67425   -1.56   -1.92   -0.36    0.21
020.67450   -1.38   -1.70   -0.16    0.35
020.67475   -1.19   -1.48   -0.01    0.47
020.675     -1.00   -1.25    0.14    0.59
020.67525   -0.79   -1.03    0.27    0.73
020.67550   -0.59   -0.83    0.46    0.89
020.67575   -0.38   -0.64    0.61    1.05
020.676     -0.20   -0.48    0.74    1.17
020.67625   -0.02   -0.34    0.87    1.25
020.67650    0.12   -0.23    1.00    1.31
020.67675    0.25   -0.13    1.16    1.31
020.677      0.36   -0.04    1.27    1.25
020.67725    0.47    0.04    1.35    1.17
020.67750    0.59    0.15    1.30    1.03
020.67775    0.71    0.26    1.15    0.84
020.678      0.84    0.39    1.04    0.78
020.67825    0.99    0.52    0.91    0.68
020.67850    1.15    0.66    0.74    0.59
020.67875    1.31    0.80    0.57    0.52
020.679      1.47    0.92    0.42    0.41
020.67925    1.63    1.03    0.37    0.35
020.67950    1.79    1.14    0.27    0.26
020.67975    1.94    1.24    0.18    0.22
020.680      2.08    1.35    0.11    0.18
020.68025    2.20    1.48    0.06    0.02
020.68050    2.32    1.63    0.00   -0.04
020.68075    2.42    1.81   -0.03   -0.15
020.681      2.50    2.02   -0.05   -0.25
020.68125    2.56    2.23   -0.04   -0.34
020.68150    2.60    2.45    0.00   -0.43
020.68175    2.62    2.63    0.03   -0.42
020.682      2.62    2.77    0.06   -0.44
020.68225    2.60    2.85    0.10   -0.38
020.68250    2.58    2.88    0.16   -0.35
020.68275    2.56    2.83    0.28   -0.34
020.683      2.53    2.73    0.38   -0.36
020.68325    2.49    2.59    0.42   -0.43
020.68350    2.45    2.43    0.44   -0.56
020.68375    2.39    2.28    0.42   -0.77
020.684      2.31    2.13    0.36   -0.89
020.68425    2.20    2.00    0.28   -0.91
020.68450    2.07    1.90    0.26   -0.87
020.68475    1.92    1.81    0.29   -0.72
020.685      1.73    1.73    0.32   -0.58
020.68525    1.53    1.64    0.46   -0.37
020.68550    1.34    1.56    0.59   -0.17
020.68575    1.14    1.45    0.69   -0.06
020.686      0.96    1.31    0.79   -0.02
020.68625    0.80    1.16    0.73   -0.03
020.68650    0.66    0.99    0.66   -0.06
020.68675    0.53    0.80    0.52   -0.12
020.687      0.40    0.62    0.42   -0.05
020.68725    0.28    0.43    0.34    0.03
020.68750    0.16    0.26    0.21    0.06
020.68775    0.03    0.11    0.19    0.12
020.688     -0.11   -0.03    0.16    0.12
020.68825   -0.26   -0.14    0.13    0.14
020.68850   -0.42   -0.25    0.11    0.12
020.68875   -0.58   -0.35    0.10    0.02
020.689     -0.73   -0.45    0.09   -0.10
020.68925   -0.86   -0.55   -0.01   -0.31
020.68950   -0.98   -0.67   -0.10   -0.50
020.68975   -1.09   -0.79   -0.22   -0.65
020.690     -1.19   -0.94   -0.38   -0.76
020.69025   -1.28   -1.09   -0.48   -0.77
020.69050   -1.38   -1.27   -0.58   -0.76
020.69075   -1.47   -1.44   -0.59   -0.62
020.691     -1.56   -1.60   -0.51   -0.49
020.69125   -1.64   -1.74   -0.45   -0.40
020.69150   -1.72   -1.86   -0.37   -0.24
020.69175   -1.78   -1.93   -0.32   -0.20
020.692     -1.81   -1.94   -0.31   -0.20
020.69225   -1.82   -1.90   -0.37   -0.26
020.69250   -1.81   -1.81   -0.45   -0.33
020.69275   -1.77   -1.68   -0.53   -0.40
020.693     -1.72   -1.52   -0.62   -0.48
020.69325   -1.65   -1.35   -0.68   -0.54
020.69350   -1.59   -1.20   -0.78   -0.65
020.69375   -1.54   -1.07   -0.86   -0.76
020.694     -1.50   -0.98   -0.96   -0.88
020.69425   -1.47   -0.92   -1.08   -0.96
020.69450   -1.46   -0.90   -1.15   -1.03
020.69475   -1.45   -0.92   -1.26   -1.16
020.695     -1.45   -0.94   -1.31   -1.22
020.69525   -1.44   -0.97   -1.32   -1.29
020.69550   -1.43   -0.98   -1.39   -1.32
020.69575   -1.41   -0.97   -1.38   -1.32
020.696     -1.36   -0.93   -1.32   -1.25
020.69625   -1.29   -0.85   -1.20   -1.08
020.69650   -1.22   -0.75   -1.08   -0.87
020.69675   -1.11   -0.62   -0.91   -0.55
020.697     -0.98   -0.48   -0.66   -0.27
020.69725   -0.83   -0.32   -0.36    0.01
020.69750   -0.65   -0.18   -0.02    0.31
020.69775   -0.45   -0.05    0.26    0.60
020.698     -0.23    0.07    0.51    0.80
020.69825    0.01    0.16    0.74    1.00
020.69850    0.25    0.24    0.92    1.13
020.69875    0.47    0.31    1.13    1.24
020.699      0.68    0.36    1.18    1.23
020.69925    0.83    0.39    1.24    1.26
020.69950    0.95    0.42    1.25    1.18
020.69975    1.01    0.43    1.21    1.11
020.700      1.03    0.44    1.18    0.97
020.70025    1.00    0.43    1.11    0.87
020.70050    0.94    0.42    1.07    0.79
020.70075    0.88    0.41    0.99    0.67
020.701      0.81    0.40    0.85    0.53
020.70125    0.75    0.38    0.72    0.33
020.70150    0.72    0.38    0.56    0.15
020.70175    0.71    0.38    0.37   -0.03
020.702      0.72    0.39    0.17   -0.22
020.70225    0.74    0.41    0.03   -0.36
020.70250    0.77    0.44   -0.08   -0.52
020.70275    0.79    0.46   -0.21   -0.66
020.703      0.81    0.48   -0.25   -0.70
020.70325    0.80    0.49   -0.27   -0.71
020.70350    0.80    0.49   -0.20   -0.63
020.70375    0.80    0.48   -0.11   -0.58
020.704      0.79    0.46   -0.04   -0.52
020.70425    0.79    0.43    0.03   -0.49
020.70450    0.81    0.41    0.04   -0.47
020.70475    0.85    0.40    0.03   -0.38
020.705      0.89    0.41    0.04   -0.37
020.70525    0.94    0.44    0.01   -0.38
020.70550    1.00    0.49   -0.01   -0.36
020.70575    1.05    0.55    0.03   -0.36
020.706      1.08    0.62    0.10   -0.30
020.70625    1.07    0.67    0.21   -0.28
020.70650    1.05    0.72    0.36   -0.20
020.70675    0.99    0.74    0.45   -0.14
020.707      0.91    0.74    0.44   -0.12
020.70725    0.81    0.70    0.39   -0.13
020.70750    0.71    0.65    0.27   -0.25
020.70775    0.62    0.57    0.12   -0.35
020.708      0.53    0.47   -0.01   -0.42
020.70825    0.46    0.36   -0.09   -0.51
020.70850    0.41    0.24   -0.11   -0.50
020.70875    0.37    0.13   -0.15   -0.51
020.709      0.32    0.01   -0.15   -0.50
020.70925    0.25   -0.10   -0.12   -0.47
020.70950    0.17   -0.20   -0.09   -0.40
020.70975    0.05   -0.30   -0.10   -0.37
020.710     -0.09   -0.38   -0.14   -0.33
020.71025   -0.25   -0.45   -0.16   -0.34
020.71050   -0.43   -0.51   -0.14   -0.36
020.71075   -0.61   -0.56   -0.12   -0.34
020.711     -0.76   -0.60   -0.12   -0.28
020.71125   -0.88   -0.64   -0.16   -0.30
020.71150   -0.97   -0.68   -0.18   -0.26
020.71175   -1.02   -0.71   -0.18   -0.22
020.712     -1.03   -0.74   -0.10   -0.12
020.71225   -1.02   -0.76   -0.01    0.00
020.71250   -0.99   -0.78    0.09    0.08
020.71275   -0.97   -0.78    0.23    0.10
020.713     -0.94   -0.76    0.27    0.08
020.71325   -0.91   -0.71    0.22    0.00
020.71350   -0.90   -0.65    0.17   -0.09
020.71375   -0.87   -0.57    0.14   -0.20
020.714     -0.84   -0.47    0.12   -0.22
020.71425   -0.79   -0.36    0.06   -0.23
020.71450   -0.74   -0.26    0.04   -0.15
020.71475   -0.66   -0.16    0.01   -0.12
020.715     -0.56   -0.07   -0.01   -0.06
020.71525   -0.46    0.01   -0.02    0.01
020.71550   -0.36    0.09   -0.05    0.04
020.71575   -0.27    0.17   -0.11    0.02
020.716     -0.19    0.24   -0.24   -0.03
020.71625   -0.12    0.30   -0.40   -0.09
020.71650   -0.09    0.36   -0.55   -0.07
020.71675   -0.06    0.41   -0.66   -0.06
020.717     -0.05    0.45   -0.71    0.04
020.71725   -0.04    0.47   -0.75    0.10
020.71750   -0.06    0.47   -0.77    0.17
020.71775   -0.07    0.46   -0.76    0.21
020.718     -0.09    0.43   -0.69    0.24
020.71825   -0.10    0.40   -0.55    0.33
020.71850   -0.11    0.37   -0.45    0.36
020.71875   -0.10    0.35   -0.39    0.36
020.719     -0.07    0.34   -0.32    0.32
020.71925   -0.02    0.34   -0.31    0.22
020.71950    0.05    0.36   -0.37    0.16
020.71975    0.15    0.38   -0.47    0.06
020.720      0.25    0.41   -0.51   -0.01
020.72025    0.36    0.43   -0.61   -0.12
020.72050    0.46    0.45   -0.69   -0.32
020.72075    0.52    0.45   -0.76   -0.44
020.721      0.54    0.42   -0.86   -0.60
020.72125    0.52    0.38   -0.91   -0.71
020.72150    0.45    0.33   -0.93   -0.83
020.72175    0.35    0.26   -0.96   -0.93
020.722      0.23    0.19   -1.01   -1.03
020.72225    0.10    0.12   -1.06   -1.14
020.72250    0.00    0.06   -1.05   -1.19
020.72275   -0.07    0.01   -0.96   -1.20
020.723     -0.10   -0.04   -0.84   -1.13
020.72325   -0.10   -0.07   -0.63   -0.99
020.72350   -0.08   -0.10   -0.43   -0.93
020.72375   -0.05   -0.13   -0.20   -0.78
020.724     -0.02   -0.16    0.02   -0.69
020.72425    0.00   -0.21    0.28   -0.54
020.72450   -0.01   -0.27    0.53   -0.37
020.72475   -0.04   -0.35    0.65   -0.28
020.725     -0.10   -0.45    0.78   -0.23
020.72525   -0.18   -0.56    0.84   -0.23
020.72550   -0.27   -0.69    0.82   -0.29
020.72575   -0.36   -0.81    0.71   -0.40
020.726     -0.45   -0.91    0.62   -0.48
020.72625   -0.52   -0.98    0.47   -0.58
020.72650   -0.58   -1.02    0.30   -0.80
020.72675   -0.61   -1.01    0.15   -0.99
020.727     -0.63   -0.96    0.00   -1.15
020.72725   -0.61   -0.86   -0.14   -1.31
020.72750   -0.58   -0.75   -0.24   -1.38
020.72775   -0.51   -0.62   -0.34   -1.43
020.728     -0.43   -0.48   -0.37   -1.42
020.72825   -0.32   -0.36   -0.41   -1.47
020.72850   -0.20   -0.25   -0.43   -1.42
020.72875   -0.07   -0.16   -0.44   -1.30
020.729      0.06   -0.09   -0.40   -1.10
020.72925    0.19   -0.03   -0.32   -0.88
020.72950    0.32    0.02   -0.31   -0.73
020.72975    0.46    0.09   -0.25   -0.58
020.730      0.59    0.18   -0.23   -0.57
020.73025    0.74    0.29    0.03   -0.37
020.73050    0.93    0.44    0.41   -0.01
020.73075    1.14    0.62    0.65    0.05
020.731      1.39    0.83    1.00    0.25
020.73125    1.66    1.05    1.26    0.24
020.73150    1.95    1.28    1.37    0.01
020.73175    2.23    1.49    1.36   -0.40
020.732      2.48    1.67    1.30   -0.90
020.73225    2.66    1.81    1.21   -1.46
020.73250    2.79    1.89    1.10   -2.14
020.73275    2.83    1.90    0.93   -2.81
020.733      2.78    1.85    0.68   -3.43
020.73325    2.64    1.72    0.35   -3.88
020.73350    2.43    1.55    0.12   -4.04
020.73375    2.15    1.32   -0.05   -3.87
020.734      1.80    1.07    0.00   -3.34
020.73425    1.38    0.79    0.00   -2.88
020.73450    0.89    0.53   -0.41   -2.54
020.73475    0.32    0.27   -0.81   -2.04
020.735     -0.32    0.04   -1.48   -1.82
020.73525   -1.04   -0.18   -2.00   -1.40
020.73550   -1.81   -0.38   -2.41   -0.83
020.73575   -2.60   -0.58   -2.67   -0.04
020.736     -3.34   -0.78   -2.82    0.88
020.73625   -3.98   -0.98   -2.91    1.97
020.73650   -4.47   -1.18   -2.81    3.13
020.73675   -4.75   -1.39   -2.70    3.90
020.737     -4.78   -1.57   -2.56    4.34
020.73725   -4.57   -1.72   -2.43    4.52
020.73750   -4.14   -1.84   -2.20    4.41
020.73775   -3.53   -1.88   -1.84    4.07
020.738     -2.80   -1.86   -1.32    3.44
020.73825   -2.04   -1.76   -0.58    2.81
020.73850   -1.33   -1.61    0.10    2.33
020.73875   -0.70   -1.40    0.68    2.20
020.739     -0.21   -1.17    1.31    2.26
020.73925    0.12   -0.93    1.87    2.18
020.73950    0.30   -0.73    2.45    2.12
020.73975    0.36   -0.57    2.84    1.91
020.740      0.33   -0.47    3.01    1.74
020.74025    0.23   -0.42    3.13    1.66
020.74050    0.11   -0.44    2.81    1.53
020.74075   -0.01   -0.50    2.39    1.58
020.741     -0.12   -0.60    1.97    1.87
020.74125   -0.19   -0.71    1.77    2.47
020.74150   -0.24   -0.84    1.78    3.11
020.74175   -0.23   -0.97    2.02    3.67
020.742     -0.17   -1.11    2.38    4.32
020.74225   -0.05   -1.25    2.91    4.91
020.74250    0.11   -1.40    3.38    5.44
020.74275    0.34   -1.55    3.95    5.63
020.743      0.61   -1.70    4.21    5.72
020.74325    0.90   -1.83    4.28    5.75
020.74350    1.19   -1.92    3.84    5.67
020.74375    1.45   -1.93    3.44    5.68
020.744      1.66   -1.85    2.90    5.51
020.74425    1.81   -1.65    2.41    5.34
020.74450    1.89   -1.33    2.34    5.13
020.74475    1.91   -0.87    2.33    4.70
020.745      1.88   -0.29    2.38    4.27
020.74525    1.83    0.39    2.41    3.62
020.74550    1.78    1.13    2.28    2.76
020.74575    1.75    1.89    1.86    1.96
020.746      1.73    2.63    1.32    1.01
020.74625    1.73    3.31    0.80   -0.09
020.74650    1.75    3.89   -0.43   -1.24
020.74675    1.75    4.35   -1.93   -2.13
020.747      1.73    4.68   -3.14   -2.94
020.74725    1.68    4.88   -3.85   -3.63
020.74750    1.58    4.96   -3.97   -4.08
020.74775    1.42    4.93   -3.79   -4.35
020.748      1.21    4.82   -3.42   -4.18
020.74825    0.95    4.65   -2.84   -4.01
020.74850    0.66    4.43   -2.24   -3.69
020.74875    0.34    4.18   -1.64   -3.39
020.749      0.00    3.90   -0.82   -2.89
020.74925   -0.33    3.58   -0.20   -2.16
020.74950   -0.63    3.24   -0.31   -1.38
020.74975   -0.89    2.84   -0.19   -0.64
020.750     -1.09    2.39    0.00    0.23
020.75025   -1.20    1.87    0.09    0.92
020.75050   -1.24    1.30    1.17    1.64
020.75075   -1.21    0.68    2.35    2.09
020.751     -1.10    0.04    3.18    2.39
020.75125   -0.96   -0.61    3.88    2.55
020.75150   -0.80   -1.24    4.28    2.40
020.75175   -0.65   -1.81    4.60    2.19
020.752     -0.54   -2.31    4.63    1.74
020.75225   -0.48   -2.71    3.64    1.21
020.75250   -0.50   -3.02    2.50    0.89
020.75275   -0.60   -3.23    1.47    0.32
020.753     -0.75   -3.36    0.21   -0.35
020.75325   -0.96   -3.41   -0.97   -1.09
020.75350   -1.19   -3.42   -1.36   -1.66
020.75375   -1.43   -3.39   -1.59   -2.16
020.754     -1.64   -3.33   -1.87   -2.60
020.75425   -1.81   -3.24   -1.75   -2.90
020.75450   -1.92   -3.15   -1.90   -3.23
020.75475   -1.96   -3.03   -2.31   -3.40
020.755     -1.94   -2.89   -3.19   -3.75
020.75525   -1.84   -2.73   -3.99   -4.15
020.75550   -1.71   -2.57   -4.45   -4.35
020.75575   -1.53   -2.40   -5.05   -4.57
020.756     -1.33   -2.22   -5.41   -4.49
020.75625   -1.11   -2.04   -4.95   -4.39
020.75650   -0.88   -1.87   -3.98   -4.31
020.75675   -0.64   -1.68   -3.09   -3.95
020.757     -0.38   -1.50   -2.30   -3.66
020.75725   -0.11   -1.29   -1.71   -3.44
020.75750    0.16   -1.08   -1.24   -3.34
020.75775    0.44   -0.84   -1.29   -3.06
020.758      0.71   -0.59   -1.45   -2.78
020.75825    0.96   -0.34   -1.75   -2.40
020.75850    1.18   -0.11   -2.14   -2.00
020.75875    1.34    0.09   -2.02   -1.92
020.759      1.45    0.24   -1.36   -1.57
020.75925    1.48    0.32   -0.78   -1.30
020.75950    1.47    0.35   -0.48   -1.28
020.75975    1.40    0.30   -0.06   -0.97
020.760      1.31    0.19    0.31   -0.70
020.76025    1.19    0.05    0.96   -0.35
020.76050    1.08   -0.10    1.49   -0.05
020.76075    0.97   -0.23    1.83    0.16
020.761      0.88   -0.31    2.12    0.31
020.76125    0.79   -0.32    2.56    0.52
020.76150    0.73   -0.26    2.89    0.88
020.76175    0.68   -0.11    3.63    1.14
020.762      0.64    0.11    4.51    1.50
020.76225    0.60    0.37    5.23    1.97
020.76250    0.58    0.68    5.39    1.71
020.76275    0.57    0.98    5.16    1.33
020.763      0.56    1.25    5.17    1.66
020.76325    0.54    1.48    4.82    1.85
020.76350    0.54    1.65    3.71    1.41
020.76375    0.52    1.76    2.48    0.55
020.764      0.49    1.80    1.44   -0.23
020.76425    0.45    1.80    0.32   -1.21
020.76450    0.39    1.77   -0.58   -1.95
020.76475    0.31    1.71   -1.41   -2.68
020.765      0.22    1.64   -2.21   -3.24
020.76525    0.10    1.56   -2.75   -3.70
020.76550   -0.02    1.47   -3.49   -4.41
020.76575   -0.15    1.36   -4.20   -4.94
020.766     -0.30    1.24   -5.07   -5.38
020.76625   -0.46    1.10   -5.69   -5.86
020.76650   -0.63    0.95   -5.62   -5.48
020.76675   -0.81    0.80   -5.51   -5.01
020.767     -1.00    0.66   -6.02   -5.69
020.76725   -1.17    0.56   -6.17   -5.99
020.76750   -1.32    0.50   -5.69   -5.54
020.76775   -1.43    0.50   -5.33   -5.05
020.768     -1.47    0.56   -5.15   -4.91
020.76825   -1.41    0.67   -5.04   -4.91
020.76850   -1.26    0.83   -5.25   -5.18
020.76875   -0.99    1.01   -5.33   -5.58
020.769     -0.62    1.20   -6.02   -6.09
020.76925   -0.16    1.37   -6.63   -6.73
020.76950    0.33    1.52   -6.98   -7.07
020.76975    0.84    1.61   -7.21   -7.39
020.770      1.31    1.65   -7.11   -7.37
020.77025    1.69    1.62   -6.95   -7.20
020.77050    1.97    1.54   -6.69   -6.99
020.77075    2.12    1.39   -6.32   -6.64
020.771      2.13    1.19   -6.01   -6.35
020.77125    2.01    0.94   -5.58   -6.05
020.77150    1.81    0.67   -5.32   -5.81
020.77175    1.53    0.36   -5.06   -5.43
020.772      1.21    0.05   -4.69   -5.00
020.77225    0.87   -0.25   -4.31   -4.60
020.77250    0.54   -0.54   -3.78   -3.82
020.77275    0.23   -0.78   -3.31   -3.04
020.773     -0.07   -0.99   -2.76   -2.32
020.77325   -0.34   -1.14   -2.15   -1.46
020.77350   -0.60   -1.26   -1.56   -0.75
020.77375   -0.84   -1.33   -0.85    0.00
020.774     -1.06   -1.39   -0.12    0.82
020.77425   -1.23   -1.44    0.81    1.81
020.77450   -1.38   -1.52    1.82    3.08
020.77475   -1.48   -1.63    3.03    4.40
020.775     -1.53   -1.79    4.41    5.97
020.77525   -1.54   -1.99    5.59    7.52
020.77550   -1.52   -2.22    6.86    9.13
020.77575   -1.49   -2.45    7.92   10.19
020.776     -1.45   -2.66    8.70   10.85
020.77625   -1.42   -2.81    9.09   11.23
020.77650   -1.42   -2.88    9.12   11.11
020.77675   -1.44   -2.83    8.83   10.80
020.777     -1.48   -2.66    8.24   10.28
020.77725   -1.51   -2.36    7.38    9.24
020.77750   -1.53   -1.97    6.30    7.88
020.77775   -1.50   -1.50    4.81    6.21
020.778     -1.40   -1.00    3.08    4.23
020.77825   -1.21   -0.52    1.17    2.07
020.77850   -0.96   -0.10   -0.74    0.04
020.77875   -0.64    0.23   -2.68   -1.92
020.779     -0.28    0.45   -4.20   -3.70
020.77925    0.10    0.55   -5.33   -5.09
020.77950    0.46    0.54   -6.15   -6.19
020.77975    0.75    0.45   -6.55   -6.74
020.780      0.97    0.31   -6.71   -6.99
020.78025    1.09    0.15   -6.51   -6.75
020.78050    1.11    0.02   -5.90   -6.02
020.78075    1.04   -0.07   -5.23   -5.30
020.781      0.91   -0.08   -4.03   -4.10
020.78125    0.74   -0.01   -2.99   -3.16
020.78150    0.57    0.13   -1.79   -2.15
020.78175    0.43    0.32   -0.87   -1.18
020.782      0.34    0.55   -0.23   -0.20
020.78225    0.30    0.79    0.34    0.63
020.78250    0.33    1.02    0.69    1.08
020.78275    0.40    1.20    1.04    1.40
020.783      0.50    1.33    1.22    1.69
020.78325    0.62    1.41    1.26    1.71
020.78350    0.75    1.44    1.38    1.70
020.78375    0.85    1.43    1.31    1.53
020.784      0.94    1.38    1.32    1.51
020.78425    1.00    1.30    1.41    1.38
020.78450    1.03    1.20    1.47    1.28
020.78475    1.04    1.08    1.77    1.43
020.785      1.03    0.93    2.10    1.63
020.78525    1.00    0.73    2.58    2.11
020.78550    0.97    0.52    3.20    2.57
020.78575    0.92    0.28    3.96    3.16
020.786      0.85    0.03    4.88    3.90
020.78625    0.78   -0.20    5.60    4.48
020.78650    0.70   -0.41    6.39    5.08
020.78675    0.62   -0.55    6.92    5.52
020.787      0.54   -0.62    7.36    5.75
020.78725    0.46   -0.61    7.74    6.12
020.78750    0.39   -0.54    7.56    5.86
020.78775    0.31   -0.43    7.30    5.32
020.788      0.23   -0.31    7.77    6.01
020.78825    0.13   -0.21    7.98    6.70
020.78850    0.03   -0.18    7.58    6.60
020.78875   -0.09   -0.20    6.64    5.96
020.789     -0.23   -0.30    5.37    5.00
020.78925   -0.38   -0.45    3.77    3.74
020.78950   -0.53   -0.62    2.16    2.36
020.78975   -0.64   -0.76    0.39    0.96
020.790     -0.71   -0.82   -1.42   -0.59
020.79025   -0.71   -0.77   -3.12   -2.03
020.79050   -0.63   -0.59   -4.87   -3.46
020.79075   -0.47   -0.27   -6.39   -4.55
020.791     -0.24    0.18   -7.39   -5.25
020.79125    0.02    0.71   -8.12   -5.73
020.79150    0.31    1.28   -8.35   -5.35
020.79175    0.55    1.82   -7.95   -4.07
020.792      0.73    2.27   -8.62   -4.33
020.79225    0.81    2.59   -9.15   -5.13
020.79250    0.79    2.76   -8.85   -4.90
020.79275    0.67    2.75   -8.28   -4.34
020.793      0.47    2.60   -7.45   -3.94
020.79325    0.21    2.31   -6.46   -3.39
020.79350   -0.05    1.95   -5.24   -2.73
020.79375   -0.29    1.54   -3.68   -1.73
020.794     -0.48    1.12   -2.14   -0.49
020.79425   -0.58    0.73   -0.63    0.36
020.79450   -0.62    0.39    1.14    1.32
020.79475   -0.60    0.10    2.71    2.21
020.795     -0.54   -0.12    4.07    2.98
020.79525   -0.46   -0.29    5.02    3.33
020.79550   -0.41   -0.41    5.36    3.25
020.79575   -0.41   -0.48    5.13    2.81
020.796     -0.45   -0.53    4.74    1.77
020.79625   -0.55   -0.54    4.43    0.56
020.79650   -0.70   -0.54    3.80   -0.75
020.79675   -0.87   -0.54    3.08   -2.04
020.797     -1.05   -0.54    2.23   -3.14
020.79725   -1.20   -0.55    1.12   -4.19
020.79750   -1.33   -0.59   -0.13   -5.01
020.79775   -1.40   -0.66   -1.57   -5.81
020.798     -1.42   -0.76   -2.83   -6.51
020.79825   -1.39   -0.90   -3.93   -6.95
020.79850   -1.32   -1.07   -4.57   -7.31
020.79875   -1.20   -1.26   -4.65   -7.46
020.799     -1.06   -1.45   -4.46   -7.24
020.79925   -0.90   -1.63   -3.80   -6.46
020.79950   -0.74   -1.79   -3.04   -5.63
020.79975   -0.57   -1.92   -2.14   -4.58
020.800     -0.40   -2.01   -1.06   -3.26
020.80025   -0.24   -2.07   -0.39   -1.98
020.80050   -0.10   -2.09    0.25   -0.62
020.80075    0.02   -2.08    0.87    0.35
020.801      0.13   -2.03    1.20    0.87
020.80125    0.22   -1.95    1.54    1.21
020.80150    0.30   -1.83    1.65    1.20
020.80175    0.36   -1.66    1.61    1.09
020.802      0.42   -1.43    1.51    0.89
020.80225    0.45   -1.14    1.24    0.66
020.80250    0.48   -0.81    0.89    0.45
020.80275    0.49   -0.42    0.52    0.23
020.803      0.47   -0.00    0.21    0.15
020.80325    0.43    0.41   -0.15    0.09
020.80350    0.37    0.81   -0.37    0.04
020.80375    0.30    1.14   -0.36    0.04
020.804      0.24    1.40   -0.27    0.08
020.80425    0.20    1.55   -0.10    0.43
020.80450    0.20    1.59    0.16    0.72
020.80475    0.25    1.53    0.76    1.08
020.805      0.36    1.37    1.32    1.36
020.80525    0.50    1.14    1.92    1.64
020.80550    0.68    0.87    2.54    1.97
020.80575    0.86    0.58    2.75    2.07
020.806      1.01    0.30    2.61    1.89
020.80625    1.11    0.05    2.43    1.48
020.80650    1.14   -0.15    2.14    0.80
020.80675    1.11   -0.29    1.72    0.21
020.807      1.01   -0.38    1.61   -0.06
020.80725    0.86   -0.42    1.56   -0.20
020.80750    0.71   -0.41    1.17   -0.54
020.80775    0.58   -0.36    0.80   -0.92
020.808      0.50   -0.28    0.58   -1.32
020.80825    0.48   -0.17    0.42   -1.67
020.80850    0.53   -0.05    0.29   -1.83
020.80875    0.63    0.08    0.11   -1.98
020.809      0.77    0.22    0.08   -1.90
020.80925    0.90    0.36    0.09   -1.63
020.80950    1.00    0.52   -0.13   -1.45
020.80975    1.03    0.67   -0.07   -0.94
020.810      0.98    0.81    0.05   -0.24
020.81025    0.85    0.94    0.20    0.63
020.81050    0.67    1.07    0.50    1.54
020.81075    0.43    1.17    0.89    2.42
020.811      0.19    1.24    1.41    3.44
020.81125   -0.02    1.27    1.66    4.24
020.81150   -0.20    1.26    2.07    4.92
020.81175   -0.31    1.20    2.43    5.43
020.812     -0.36    1.08    2.77    5.77
020.81225   -0.37    0.90    3.41    6.14
020.81250   -0.37    0.67    3.77    6.18
020.81275   -0.38    0.39    3.53    6.15
020.813     -0.43    0.07    3.98    7.18
020.81325   -0.55   -0.25    4.59    7.62
020.81350   -0.73   -0.57    4.38    7.21
020.81375   -0.96   -0.85    3.71    6.64
020.814     -1.22   -1.06    3.02    5.84
020.81425   -1.46   -1.18    2.00    4.62
020.81450   -1.65   -1.21    0.80    3.24
020.81475   -1.75   -1.12   -0.53    1.89
020.815     -1.74   -0.93   -2.06    0.49
020.81525   -1.60   -0.67   -3.47   -0.89
020.81550   -1.38   -0.36   -4.79   -2.31
020.81575   -1.07   -0.05   -5.66   -3.56
020.816     -0.74    0.24   -6.14   -4.55
020.81625   -0.42    0.47   -6.56   -5.29
020.81650   -0.16    0.62   -6.31   -5.34
020.81675    0.03    0.70   -5.28   -5.11
020.817      0.14    0.69   -5.05   -5.93
020.81725    0.17    0.63   -5.26   -6.47
020.81750    0.15    0.55   -4.66   -5.95
020.81775    0.08    0.47   -3.66   -5.22
020.818     -0.01    0.42   -2.70   -4.66
020.81825   -0.08    0.42   -1.45   -3.93
020.81850   -0.16    0.49   -0.41   -3.28
020.81875   -0.20    0.60    0.27   -2.74
020.819     -0.23    0.75    0.70   -2.28
020.81925   -0.22    0.90    0.96   -2.00
020.81950   -0.21    1.04    1.07   -1.66
020.81975   -0.16    1.12    0.95   -1.35
020.820     -0.10    1.13    0.89   -1.08
020.82025   -0.01    1.05    0.79   -0.80
020.82050    0.10    0.91    0.52   -0.57
020.82075    0.23    0.69    0.16   -0.32
020.821      0.38    0.44   -0.22   -0.40
020.82125    0.55    0.17   -0.50   -0.62
020.82150    0.72   -0.08   -0.83   -0.87
020.82175    0.89   -0.30   -1.00   -1.15
020.822      1.05   -0.47   -0.91   -1.29
020.82225    1.18   -0.59   -0.95   -1.43
020.82250    1.30   -0.66   -0.79   -1.37
020.82275    1.38   -0.67   -0.48   -1.38
020.823      1.42   -0.66    0.01   -1.31
020.82325    1.43   -0.62    0.55   -0.86
020.82350    1.41   -0.57    1.18   -0.59
020.82375    1.35   -0.52    1.96   -0.09
020.824      1.26   -0.48    2.53    0.41
020.82425    1.12   -0.45    2.94    0.88
020.82450    0.95   -0.44    3.32    1.36
020.82475    0.74   -0.44    3.44    1.64
020.825      0.49   -0.45    3.57    2.06
020.82525    0.22   -0.47    3.54    2.46
020.82550   -0.06   -0.49    3.51    2.91
020.82575   -0.35   -0.50    3.35    3.51
020.826     -0.62   -0.50    3.01    4.05
020.82625   -0.87   -0.50    2.85    4.67
020.82650   -1.09   -0.50    2.50    5.02
020.82675   -1.25   -0.50    2.11    5.14
020.827     -1.36   -0.53    1.72    4.98
020.82725   -1.40   -0.58    1.19    4.32
020.82750   -1.41   -0.69    0.59    3.76
020.82775   -1.38   -0.84   -0.01    3.07
020.828     -1.32   -1.04   -0.29    2.62
020.82825   -1.25   -1.26   -0.61    2.29
020.82850   -1.18   -1.50   -1.01    2.02
020.82875   -1.12   -1.71   -1.11    1.69
020.829     -1.06   -1.88   -1.27    1.21
020.82925   -1.00   -1.99   -1.14    0.86
020.82950   -0.96   -2.02   -0.96    0.52
020.82975   -0.93   -1.96   -0.70    0.05
020.830     -0.89   -1.83   -0.38   -0.30
020.83025   -0.85   -1.63   -0.16   -0.71
020.83050   -0.82   -1.40    0.40   -1.08
020.83075   -0.78   -1.14    0.76   -1.49
020.831     -0.73   -0.87    0.97   -1.74
020.83125   -0.66   -0.60    1.27   -1.88
020.83150   -0.58   -0.35    1.54   -2.09
020.83175   -0.47   -0.10    1.78   -2.07
020.832     -0.33    0.14    2.11   -1.79
020.83225   -0.15    0.37    2.44   -1.38
020.83250    0.04    0.60    2.36   -1.14
020.83275    0.25    0.82    1.98   -1.15
020.833      0.46    1.02    1.58   -1.33
020.83325    0.65    1.20    0.83   -1.79
020.83350    0.82    1.35    0.05   -2.23
020.83375    0.95    1.47   -1.00   -2.79
020.834      1.03    1.55   -2.22   -3.31
020.83425    1.07    1.59   -3.51   -3.76
020.83450    1.08    1.61   -4.83   -4.30
020.83475    1.07    1.61   -6.06   -4.71
020.835      1.05    1.60   -7.23   -5.20
020.83525    1.04    1.59   -8.27   -5.75
020.83550    1.05    1.59   -8.99   -6.35
020.83575    1.07    1.58   -9.55   -7.03
020.836      1.11    1.57   -9.91   -7.43
020.83625    1.16    1.54  -10.03   -7.80
020.83650    1.22    1.49   -9.88   -7.96
020.83675    1.28    1.41   -9.62   -7.92
020.837      1.32    1.28   -9.24   -7.62
020.83725    1.34    1.12   -8.40   -6.91
020.83750    1.35    0.92   -7.39   -6.01
020.83775    1.32    0.70   -6.67   -5.11
020.838      1.26    0.47   -4.95   -3.89
020.83825    1.15    0.25   -2.20   -2.19
020.83850    1.00    0.06   -0.25   -0.96
020.83875    0.80   -0.10    1.04    0.14
020.839      0.57   -0.20    2.20    1.33
020.83925    0.32   -0.23    2.89    2.10
020.83950    0.07   -0.21    3.21    2.65
020.83975   -0.15   -0.13    3.27    2.97
020.840     -0.33    0.02    3.28    2.97
020.84025   -0.43    0.20    3.30    2.98
020.84050   -0.47    0.43    3.26    2.81
020.84075   -0.45    0.67    3.20    2.44
020.841     -0.37    0.90    3.08    1.94
